selected_keyword("XML",139.62)
list_of_keywords([" 3D "," IDEF"," actor",".net","Actor Prolog","DNA","ILP","Internet agent","JVM","Java ","Java3d","NLP","OOP","RDF","SADT","VRML","Web","Web agent","Web tool","XML","agent","artificial intelligence","compilation","concurr","constraints","constructive negation","coordination","data mining","debugging","deductive database","flow analysis","formalism","higher order","inductive","knowledge","language","linear logic","memory management","mobility","modes","modifiable reasoning","molecular biology","monad","monotonic","natural language","object","object-oriented","parallel","perturbation","program analysis","program transformation","programming","programming technique","protein","refinement","semantic","semantic Web","semantic foundation","software engineering","speculative","theory","types","validation","verification","virtual machine","visual","visual program"])
item("ACE","http://www.cs.kuleuven.ac.be/~dtai/ACE/",date(1970,1,1),3,21685,21,2,24,2,[0,0,0,0,0,0,0,0,0,0,0,0,0,0,0,0,3,0,0,6,0,0,0,0,0,0,0,0,0,0,0,0,0,0,0,0,0,0,0,0,0,0,0,0,0,0,0,0,0,0,0,0,0,0,0,0,0,0,0,0,0,0,0,0,0,0,0],6,139.62)
item("AILog2","http://artint.info/code/ailog/ailog2.html",date(2012,2,1),24,109350,27,4,45,1,[0,0,0,1,0,0,0,0,0,0,0,0,3,0,0,0,1,0,0,49,28,0,0,0,3,0,0,0,4,0,0,0,0,0,36,2,0,0,0,0,0,0,0,0,1,2,0,0,0,0,0,4,0,0,0,0,0,0,0,0,2,0,0,0,0,0,0],49,139.62)
item("Amzi Prolog","http://www.amzi.com/",date(2011,5,16),44,375738,21,96,14,19,[0,0,0,3,0,0,0,0,0,0,0,0,32,0,0,0,12,0,0,23,1,17,0,0,3,0,0,0,7,0,0,0,0,0,184,79,0,0,0,1,0,0,0,0,3,30,3,0,0,0,0,54,0,0,0,4,0,0,0,0,0,10,0,2,12,0,0],23,139.62)
item("B-Prolog","http://www.probp.com/",date(2012,3,20),236,3646723,25,178,124,19,[0,0,0,1,0,0,0,0,0,1,0,0,63,1,0,0,9,0,0,368,133,0,6,12,184,0,0,3,9,3,0,0,0,0,9,1519,0,3,0,18,0,0,0,0,0,192,3,1,0,1,0,61,0,1,0,14,0,0,3,0,0,29,0,3,2,7,0],368,139.62)
item("Bry","http://www.pms.informatik.uni-muenchen.de/mitarbeiter/bry/",date(2012,3,1),1,28541,76,6,1,0,[0,0,0,0,0,3,0,0,0,0,0,0,0,0,0,0,5,0,0,2,0,0,0,0,0,0,0,0,0,1,0,0,0,0,1,5,0,0,0,0,0,0,0,0,0,1,0,0,0,0,0,2,0,0,0,0,0,0,0,0,0,0,0,0,0,6,0],2,139.62)
item("Carro","http://www.clip.dia.fi.upm.es/~boris/",date(2011,9,20),14,158083,383,30,78,6,[0,0,0,22,0,0,4,0,0,0,0,0,0,0,0,1,13,0,0,1,2,0,0,4,1,0,0,0,0,0,0,0,0,0,3,12,0,0,0,0,0,0,0,0,0,2,0,5,0,0,0,6,0,0,1,0,0,0,0,0,0,3,0,0,0,1,0],1,139.62)
item("Ciao Prolog","http://www.clip.dia.fi.upm.es/Software/Ciao/",date(2012,3,21),23,308339,14,44,28,1,[0,0,0,0,0,0,2,0,0,4,0,0,4,0,0,0,24,0,0,2,10,0,36,14,12,0,0,0,13,0,0,0,0,0,0,31,0,0,0,28,0,0,0,0,0,38,4,32,0,4,8,45,0,0,0,4,0,0,0,0,0,26,0,2,0,4,0],2,139.62)
item("Clark","http://www.doc.ic.ac.uk/~klc/",date(2010,8,27),23,75875,7,1,26,0,[0,0,0,0,0,0,0,0,0,0,0,0,7,0,0,0,10,0,0,24,116,0,0,13,1,0,1,0,0,0,0,0,3,0,28,119,0,0,0,0,0,0,0,0,0,24,9,0,0,0,0,50,0,0,0,3,0,0,0,0,6,1,0,0,0,0,0],24,139.62)
item("Colmerauer","http://alain.colmerauer.free.fr/",date(1970,1,1),9,18612,1,5,43,0,[0,0,0,0,0,0,0,0,0,0,0,0,0,0,0,0,1,0,0,8,0,0,0,0,3,0,0,0,0,0,0,1,0,0,0,1,0,0,0,0,0,0,0,0,1,0,0,0,0,0,0,0,0,0,0,0,0,0,0,0,0,0,0,0,0,0,0],8,139.62)
item("Curry","http://www-ps.informatik.uni-kiel.de/currywiki/",date(2012,3,21),23,392467,112,53,24,0,[0,0,0,2,0,0,0,0,0,0,0,0,2,315,0,0,205,0,0,170,0,0,2,11,7,0,0,0,26,0,0,1,2,0,1,49,0,0,0,1,0,0,1,0,0,5,1,0,0,1,0,82,0,0,0,5,0,0,0,0,1,1,0,0,1,3,0],170,139.62)
item("Dahl","http://www.cs.sfu.ca/people/Faculty/Dahl/",date(1970,1,1),10,293063,46,11,9,1,[0,0,0,3,0,0,0,0,0,0,0,1,0,1,0,0,14,0,0,67,1,0,0,0,4,0,4,0,0,2,0,3,0,0,11,37,0,0,0,0,0,2,0,0,9,2,0,2,0,0,0,17,0,0,0,1,0,0,0,0,2,3,0,0,0,0,0],67,139.62)
item("Delzanno","http://www.disi.unige.it/person/DelzannoG/",date(1970,1,1),3,31212,12,3,2,0,[0,0,0,0,0,0,0,0,0,0,0,0,0,0,0,0,0,0,0,45,0,0,0,0,0,0,0,0,0,0,0,0,0,0,0,62,0,0,0,0,0,0,0,0,0,0,0,0,0,0,0,0,0,0,0,0,0,0,0,0,0,0,0,0,0,0,0],45,139.62)
item("EZY Prolog","http://www.ezy-software.com/ezyprolog/EZY_Prolog_-_born_to_be_easy.htm",date(2009,9,23),1,17234,2,3,0,0,[0,0,0,0,0,0,0,0,0,0,0,0,0,0,0,0,0,0,0,1,0,0,0,0,0,0,0,0,0,0,0,0,0,0,0,4,0,0,0,0,0,0,0,0,0,0,0,0,0,0,0,6,0,0,0,0,0,0,0,0,0,1,0,1,0,2,0],1,139.62)
item("Epilog","http://www.cs.rochester.edu/research/epilog/",date(1970,1,1),1,30204,9,0,20,0,[0,0,0,0,0,0,0,0,0,0,0,0,0,0,0,0,1,0,0,1,2,0,0,0,0,0,0,0,0,0,0,0,0,0,25,11,0,0,0,1,0,0,0,0,5,1,0,0,0,0,0,0,0,0,1,7,0,0,0,0,7,1,0,0,0,0,0],1,139.62)
item("Ferreia","http://www.dcc.fc.up.pt/~michel/",date(2012,2,7),1,20508,29,2,30,0,[0,0,0,1,0,0,2,0,0,0,0,0,1,0,0,0,0,0,0,2,0,0,0,0,0,0,0,0,0,1,0,0,0,0,0,0,0,0,1,0,0,0,0,0,0,0,0,0,0,0,0,0,0,0,0,0,0,0,0,0,0,0,0,0,0,0,0],2,139.62)
item("Hermenegildo","http://www.clip.dia.fi.upm.es/~herme",date(2011,8,6),1,6187,8,1,2,0,[0,0,0,0,0,0,0,0,0,0,0,0,0,0,0,0,0,0,0,2,0,0,0,0,0,0,0,0,2,0,0,0,0,0,0,2,0,0,0,0,0,0,0,0,0,0,0,2,0,1,0,3,0,0,0,0,0,0,0,0,0,1,0,2,0,0,0],2,139.62)
item("Huang","http://wasp.cs.vu.nl/~huang/",date(2011,10,1),1,3738,10,9,1,0,[0,0,0,0,0,0,0,0,0,0,0,0,0,2,0,0,0,0,0,1,0,0,0,0,0,0,0,0,0,0,0,0,0,0,0,0,0,0,0,0,0,0,0,0,0,0,0,0,0,0,0,0,0,0,0,0,0,0,0,0,0,0,0,0,0,0,0],1,139.62)
