'all_keywords'
list_of_keywords([" 3D "," IDEF"," actor",".net","Actor Prolog","DNA","ILP","Internet agent","JVM","Java ","Java3d","NLP","OOP","RDF","SADT","VRML","Web","Web agent","Web tool","XML","agent","artificial intelligence","compilation","concurr","constraints","constructive negation","coordination","data mining","debugging","deductive database","flow analysis","formalism","higher order","inductive","knowledge","language","linear logic","memory management","mobility","modes","modifiable reasoning","molecular biology","monad","monotonic","natural language","object","object-oriented","parallel","perturbation","program analysis","program transformation","programming","programming technique","protein","refinement","semantic","semantic Web","semantic foundation","software engineering","speculative","theory","types","validation","verification","virtual machine","visual","visual program"])
item("AGENT","k_agent.wrl",date(2012,3,21),13,6023724,619,1099,413,49,[0,0,85,30,0,0,6,0,0,10,0,1,126,2,30,1,113,0,0,535,390,31,43,74,217,0,5,5,34,6,0,3,4,0,308,1904,0,3,0,52,2,2,0,8,19,317,32,44,0,5,8,340,0,1,2,61,0,0,3,1,21,83,0,7,14,48,8],390,88.63)
item("ARTIFICIAL_INTELLIGENCE","k_artfcl.wrl",date(2011,9,22),6,1390764,95,830,82,21,[0,0,85,4,0,0,0,0,0,5,0,0,49,0,30,0,41,0,0,23,93,32,1,31,12,0,0,2,8,0,0,0,1,0,194,173,0,0,0,5,2,0,0,3,4,56,16,6,0,0,0,158,0,0,0,31,0,0,0,1,3,20,0,2,12,36,8],32,102.2)
item("COMPILATION","k_cmpltn.wrl",date(2012,3,21),7,5080235,216,284,183,20,[0,0,0,17,0,0,2,0,0,5,0,0,99,316,0,0,245,0,0,540,167,8,55,46,207,0,0,5,72,3,0,1,2,0,24,1649,0,6,0,47,0,0,1,0,2,420,9,104,0,6,8,236,0,1,0,24,0,0,3,0,2,68,0,6,3,16,0],55,6.91)
item("CONCURR","k_cncr.wrl",date(2012,3,21),10,6296496,773,1139,368,26,[2,0,86,50,0,0,6,0,0,16,4,0,122,316,30,1,294,0,0,565,326,4,53,95,214,0,1,3,73,3,0,1,6,0,54,1861,0,6,0,47,2,0,1,3,1,477,31,113,0,6,8,378,2,1,1,54,0,0,3,1,10,83,0,7,3,56,8],95,326.26)
item("CONSTRAINTS","k_cnstrn.wrl",date(2012,3,21),18,6974722,904,1331,538,49,[2,0,86,43,0,0,6,0,0,21,4,2,142,317,30,1,335,0,0,712,382,30,47,84,252,0,7,5,61,5,0,5,6,2,286,2006,0,5,0,52,2,2,1,3,15,326,33,65,0,9,9,470,2,21,1,59,0,0,3,1,16,93,0,10,15,56,8],252,293.2)
item("COORDINATION","k_crdntn.wrl",date(2010,8,27),3,739641,78,48,73,1,[0,0,0,3,0,0,0,0,0,0,0,2,21,1,0,0,26,0,0,91,117,0,0,13,20,0,7,0,1,2,0,3,3,2,40,204,0,2,0,0,0,2,0,0,9,26,9,22,0,3,1,92,0,20,0,5,0,0,0,0,11,10,0,0,0,1,0],7,331.82)
item("DATA_MINING","k_dtmng.wrl",date(2012,3,20),2,3680790,36,184,129,19,[0,0,0,1,0,0,0,0,0,1,0,0,63,1,0,0,12,0,0,368,157,8,7,12,185,0,0,5,9,3,0,0,0,0,13,1520,0,3,0,18,0,0,0,0,1,192,3,1,0,1,0,78,0,1,0,14,0,0,3,0,0,29,0,3,2,7,0],5,124.78)
item("DEBUGGING","k_dbgng.wrl",date(2012,3,21),11,5940204,381,419,319,40,[0,0,0,22,0,0,2,0,0,5,0,1,148,316,0,0,253,0,0,614,173,18,53,49,226,0,2,3,100,8,0,1,2,2,241,1784,0,8,0,48,0,0,1,0,5,452,12,126,0,11,9,311,0,21,0,29,0,0,3,0,8,85,0,10,15,19,0],100,105.37)
item("DEDUCTIVE_DATABASE","k_dctvdt.wrl",date(2012,3,20),6,4031253,280,206,202,20,[0,0,0,6,0,3,2,0,0,1,0,1,64,2,0,0,28,0,0,439,139,0,6,12,188,0,4,3,22,13,0,3,0,0,23,1562,0,3,1,18,0,2,0,5,9,195,3,3,0,2,0,84,0,1,0,16,0,0,3,0,3,32,0,3,2,15,0],13,189.43)
item("DNA","k_dna.wrl",date(2012,3,1),2,36667,88,20,3,0,[0,0,0,0,0,4,0,0,0,0,0,0,0,0,0,0,5,0,0,2,0,0,0,0,0,0,0,0,0,1,0,0,0,0,1,8,0,0,0,0,0,0,0,0,0,1,0,0,0,0,0,7,0,0,0,0,0,0,0,0,0,0,0,0,0,6,0],4,151.5)
item("FORMALISM","k_frmlsm.wrl",date(2012,3,21),3,704142,159,69,76,1,[0,0,0,5,0,0,0,0,0,0,0,1,2,316,0,0,220,0,0,245,1,0,2,11,14,0,4,0,26,2,0,5,2,0,12,87,0,0,0,1,0,2,1,0,10,7,1,2,0,1,0,99,0,0,0,6,0,0,0,0,3,4,0,0,1,3,0],5,248.5)
item("HIGHER_ORDER","k_hghrdr.wrl",date(2012,3,21),3,1317041,151,755,86,0,[0,0,85,2,0,0,0,0,0,0,0,0,25,315,30,0,239,0,0,194,180,3,2,52,11,0,1,0,26,0,0,1,6,0,29,236,0,0,0,1,2,0,1,3,0,55,23,4,0,1,0,212,0,0,0,35,0,0,0,1,8,9,0,0,1,38,8],6,169.14)
item("ILP","k_ilp.wrl",date(2012,3,21),3,486930,426,76,136,7,[0,0,0,23,0,0,8,0,0,4,0,0,5,0,0,1,37,0,0,5,12,0,36,18,13,0,0,0,13,1,0,0,0,0,3,43,0,0,1,28,0,0,0,0,0,40,4,37,0,4,8,51,0,0,1,4,0,0,0,0,0,29,0,2,0,5,0],8,233.22)
item("INDUCTIVE","k_indctv.wrl",date(2006,11,1),2,394517,96,39,61,0,[0,0,0,1,0,0,0,0,0,0,0,1,14,0,0,0,7,0,0,0,0,0,0,0,15,0,2,0,1,0,0,0,0,6,1,52,0,2,0,0,0,0,0,0,0,0,0,22,0,3,1,31,0,20,0,1,0,0,0,0,3,6,0,0,0,2,0],6,75.75)
item("JAVA3D","k_java3d.wrl",date(1970,1,1),1,164077,136,130,42,0,[2,0,1,11,0,0,0,0,0,11,4,0,0,0,0,0,9,0,0,0,0,0,0,1,4,0,0,0,0,0,0,0,0,0,3,10,0,0,0,0,0,0,0,0,0,5,0,0,0,0,0,20,2,0,0,0,0,0,0,0,0,4,0,1,0,4,0],4,34.35)
item("JAVA_","k_java_.wrl",date(2012,3,21),4,4241651,185,376,210,22,[2,0,1,12,0,0,2,0,0,21,4,0,68,1,0,0,44,0,0,370,146,2,42,27,205,0,0,3,22,3,0,0,0,0,18,1581,0,3,0,50,0,0,0,0,0,235,7,33,0,5,8,126,2,1,0,18,0,0,3,0,1,62,0,6,2,16,0],21,80.95)
item("KNOWLEDGE","k_knwldg.wrl",date(2012,3,21),15,6505861,946,580,447,48,[2,0,1,57,0,3,4,0,0,17,4,2,152,317,0,1,286,0,0,705,315,27,17,49,228,0,7,5,70,7,0,4,5,2,324,1955,0,8,0,25,0,2,1,5,20,449,17,99,0,5,1,365,2,21,2,37,0,0,3,0,24,73,0,6,15,25,0],324,21.83)
item("LANGUAGE","k_lng.wrl",date(2012,3,21),31,7884177,1312,1373,645,51,[2,0,86,61,0,4,6,0,0,21,4,2,172,317,30,1,352,0,0,763,385,31,54,95,250,0,7,5,100,11,0,5,6,6,322,2176,0,9,0,53,2,2,1,3,21,514,34,139,0,11,9,535,2,21,2,69,0,0,4,1,26,108,0,12,15,69,8],2176,20.52)
item("MEMORY_MANAGEMENT","k_mrmngm.wrl",date(2012,3,20),4,4718019,153,215,165,19,[0,0,0,16,0,0,0,0,0,1,0,1,107,1,0,0,14,0,0,368,133,0,14,20,199,0,2,3,33,3,0,0,0,2,20,1610,0,9,0,18,0,0,0,0,1,377,4,92,0,4,1,115,0,21,0,16,0,0,3,0,5,47,0,3,2,10,0],9,172.03)
item("MOBILITY","k_mblt.wrl",date(2012,2,7),1,20508,29,2,30,0,[0,0,0,1,0,0,2,0,0,0,0,0,1,0,0,0,0,0,0,2,0,0,0,0,0,0,0,0,0,1,0,0,0,0,0,0,0,0,1,0,0,0,0,0,0,0,0,0,0,0,0,0,0,0,0,0,0,0,0,0,0,0,0,0,0,0,0],1,53.54)
item("MODES","k_modes.wrl",date(2012,3,21),6,4875983,191,395,226,41,[0,0,0,6,0,0,2,0,0,10,0,0,102,316,0,0,253,0,0,564,149,19,44,37,211,0,0,3,55,3,0,1,2,0,225,1710,0,3,0,53,0,0,1,0,8,266,11,33,0,6,8,242,0,1,1,34,0,0,3,0,9,70,0,7,15,15,0],53,276.79)
item("MODIFIABLE_REASONING","k_mdfblr.wrl",date(2007,9,24),1,848699,32,701,36,0,[0,0,85,0,0,0,0,0,0,0,0,0,16,0,30,0,24,0,0,0,64,3,0,28,3,0,0,0,0,0,0,0,1,0,0,68,0,0,0,0,2,0,0,3,0,26,13,4,0,0,0,80,0,0,0,27,0,0,0,1,1,7,0,0,0,35,8],2,38.42)
item("MOLECULAR_BIOLOGY","k_mlclrb.wrl",date(1970,1,1),1,293063,46,11,9,1,[0,0,0,3,0,0,0,0,0,0,0,1,0,1,0,0,14,0,0,67,1,0,0,0,4,0,4,0,0,2,0,3,0,0,11,37,0,0,0,0,0,2,0,0,9,2,0,2,0,0,0,17,0,0,0,1,0,0,0,0,2,3,0,0,0,0,0],2,165.07)
item("MONAD","k_monad.wrl",date(2012,3,21),1,392467,112,53,24,0,[0,0,0,2,0,0,0,0,0,0,0,0,2,315,0,0,205,0,0,170,0,0,2,11,7,0,0,0,26,0,0,1,2,0,1,49,0,0,0,1,0,0,1,0,0,5,1,0,0,1,0,82,0,0,0,5,0,0,0,0,1,1,0,0,1,3,0],1,292.2)
item("MONOTONIC","k_mntnc.wrl",date(2007,9,24),2,862653,51,705,40,0,[0,0,85,0,0,0,0,0,0,0,0,0,16,0,30,0,24,0,0,0,69,3,0,28,3,0,0,0,0,1,0,0,1,0,2,68,0,0,0,0,2,0,0,8,0,26,13,4,0,0,0,81,0,0,0,28,0,0,0,1,2,7,0,0,0,35,8],8,264.28)
item("NATURAL_LANGUAGE","k_ntrlng.wrl",date(2012,2,1),7,1551538,154,123,137,21,[0,0,0,21,0,0,0,0,0,0,0,1,65,1,0,0,32,0,0,148,56,25,9,8,14,0,4,2,34,2,0,4,0,0,270,173,0,3,0,2,0,2,0,0,21,220,4,73,0,0,0,118,0,0,1,13,0,0,0,0,12,26,0,2,12,2,0],21,127.99)
item("NLP","k_nlp.wrl",date(2006,11,1),2,663766,71,47,47,1,[0,0,0,3,0,0,0,0,0,0,0,2,14,1,0,0,16,0,0,67,1,0,0,0,19,0,6,0,1,2,0,3,0,2,12,85,0,2,0,0,0,2,0,0,9,2,0,22,0,3,1,42,0,20,0,2,0,0,0,0,5,9,0,0,0,1,0],2,52.37)
item("OBJECT","k_object.wrl",date(2012,3,21),14,7127352,935,1255,448,47,[2,0,86,57,0,3,6,0,0,16,4,1,157,317,30,1,328,0,0,707,357,20,52,91,222,0,5,3,82,6,0,4,6,0,311,1992,0,6,0,49,2,2,1,3,19,514,34,115,0,6,8,450,2,1,2,66,0,0,4,1,20,97,0,8,15,62,8],514,28.56)
item("OBJECT_ORIENTED","k_objctr.wrl",date(2012,3,21),7,6338345,250,1074,253,39,[0,0,85,20,0,0,2,0,0,5,0,0,154,316,30,0,284,0,0,587,324,20,52,86,210,0,1,3,78,3,0,1,6,0,232,1907,0,6,0,48,2,0,1,3,4,500,34,108,0,6,8,398,0,1,0,58,0,0,3,1,9,86,0,7,15,51,8],34,236.12)
item("OOP","k_oop.wrl",date(2012,3,21),11,6961418,341,1140,382,42,[0,0,85,22,0,0,4,0,0,10,0,1,173,316,30,0,289,0,0,638,355,22,52,86,233,0,3,3,83,4,0,1,6,2,275,1978,0,8,1,52,2,0,1,3,5,502,34,128,0,9,9,427,0,21,0,59,0,0,3,1,15,95,0,7,15,53,8],173,68.52)
item("PARALLEL","k_prl.wrl",date(2012,3,21),11,6355216,661,1012,350,27,[0,0,85,42,0,0,6,0,0,5,0,2,127,2,30,1,91,0,0,440,210,4,50,66,220,0,6,3,48,5,0,3,1,6,34,1763,0,8,0,46,2,2,0,3,10,445,21,142,0,9,9,273,0,21,1,48,0,0,3,1,7,87,0,8,2,51,8],142,73.72)
item("PROGRAMMING","k_prgrmn.wrl",date(2012,3,21),30,7689695,1313,1343,579,49,[2,0,86,62,0,4,6,0,0,16,4,2,171,317,30,1,346,0,0,709,385,30,55,95,244,0,7,5,100,12,0,4,6,6,293,2066,0,9,0,48,2,2,1,8,15,513,34,142,0,11,9,542,2,21,1,63,0,0,4,1,19,104,0,13,15,68,8],542,340.62)
item("PROGRAMMING_TECHNIQUE","k_prgrmn.wrl",date(1970,1,1),1,164077,136,130,42,0,[2,0,1,11,0,0,0,0,0,11,4,0,0,0,0,0,9,0,0,0,0,0,0,1,4,0,0,0,0,0,0,0,0,0,3,10,0,0,0,0,0,0,0,0,0,5,0,0,0,0,0,20,2,0,0,0,0,0,0,0,0,4,0,1,0,4,0],2,270.78)
item("PROGRAM_ANALYSIS","k_prgrmn.wrl",date(2012,3,21),6,4752883,269,317,250,20,[0,0,0,4,0,0,2,0,0,5,0,1,83,316,0,0,240,0,0,542,143,0,44,37,218,0,2,3,64,8,0,1,2,2,11,1650,0,5,0,47,0,0,1,0,0,235,8,55,0,11,9,219,0,21,0,24,0,0,3,0,4,63,0,7,3,17,0],11,200.89)
item("PROGRAM_TRANSFORMATION","k_prgrmt.wrl",date(2012,3,21),2,679042,39,80,66,1,[0,0,0,0,0,0,2,0,0,4,0,1,18,0,0,0,26,0,0,2,10,0,36,14,27,0,2,0,14,0,0,0,0,2,1,79,0,2,0,28,0,0,0,0,0,38,4,52,0,7,9,70,0,20,0,5,0,0,0,0,3,32,0,2,0,5,0],9,110.36)
item("PROTEIN","k_prtn.wrl",date(2012,3,20),2,4017426,50,214,162,19,[0,0,0,1,0,0,0,0,0,1,0,1,77,1,0,0,11,0,0,368,133,0,6,12,199,0,2,3,10,3,0,0,0,2,10,1567,0,5,0,18,0,0,0,0,0,192,3,21,0,4,1,86,0,21,0,15,0,0,3,0,3,35,0,3,2,8,0],21,87.29)
item("RDF","k_rdf.wrl",date(2012,3,21),4,4335991,193,251,158,20,[0,0,0,6,0,0,0,0,0,1,0,1,65,319,0,0,228,0,0,606,134,0,8,23,195,0,4,3,35,5,0,4,2,0,21,1605,0,3,0,19,0,2,1,0,9,199,4,3,0,2,0,160,0,1,0,20,0,0,3,0,3,33,0,3,3,10,0],319,163.72)
item("REFINEMENT","k_rfnmnt.wrl",date(2011,9,20),2,188287,392,30,98,6,[0,0,0,22,0,0,4,0,0,0,0,0,0,0,0,1,14,0,0,2,4,0,0,4,1,0,0,0,0,0,0,0,0,0,28,23,0,0,0,1,0,0,0,0,5,3,0,5,0,0,0,6,0,0,2,7,0,0,0,0,7,4,0,0,0,1,0],2,355.65)
item("SADT","k_sadt.wrl",date(2007,9,24),1,848699,32,701,36,0,[0,0,85,0,0,0,0,0,0,0,0,0,16,0,30,0,24,0,0,0,64,3,0,28,3,0,0,0,0,0,0,0,1,0,0,68,0,0,0,0,2,0,0,3,0,26,13,4,0,0,0,80,0,0,0,27,0,0,0,1,1,7,0,0,0,35,8],30,310.15)
item("SEMANTIC","k_smntc.wrl",date(2012,3,21),12,7056653,358,1125,342,42,[0,0,85,24,0,0,2,0,0,5,0,2,168,317,30,0,301,0,0,655,332,20,52,86,229,0,7,3,79,6,0,4,6,2,271,2007,0,8,0,49,2,2,1,8,18,503,34,130,0,9,9,446,0,21,1,70,0,0,3,1,22,96,0,7,15,52,8],70,319.54)
item("SOFTWARE_ENGINEERING","k_sftwrn.wrl",date(2012,3,20),2,3652412,33,178,124,19,[0,0,0,1,0,0,0,0,0,1,0,0,63,1,0,0,10,0,0,368,133,0,6,12,184,0,0,3,9,3,0,0,0,0,9,1527,0,3,0,18,0,0,0,0,0,193,3,1,0,1,0,64,0,1,0,14,0,0,4,0,0,29,0,3,2,7,0],4,304.45)
item("SPECULATIVE","k_spcltv.wrl",date(2007,9,24),1,848699,32,701,36,0,[0,0,85,0,0,0,0,0,0,0,0,0,16,0,30,0,24,0,0,0,64,3,0,28,3,0,0,0,0,0,0,0,1,0,0,68,0,0,0,0,2,0,0,3,0,26,13,4,0,0,0,80,0,0,0,27,0,0,0,1,1,7,0,0,0,35,8],1,270.24)
item("THEORY","k_theory.wrl",date(2012,3,21),12,2964537,405,835,229,4,[0,0,85,21,0,0,0,0,0,5,0,2,73,316,30,0,262,0,0,311,220,6,10,63,38,0,7,0,55,3,0,4,6,2,120,402,0,6,0,6,2,2,1,8,16,245,24,97,0,4,1,293,0,20,1,46,0,0,0,1,27,34,0,0,1,42,8],27,276.87)
item("TYPES","k_types.wrl",date(2012,3,21),15,7500408,869,1309,458,48,[2,0,86,56,0,0,6,0,0,21,4,2,169,317,30,1,325,0,0,659,332,22,52,91,239,0,7,3,81,5,0,4,6,2,281,2052,0,8,0,53,2,2,1,3,18,510,34,137,0,10,9,475,2,21,2,67,0,0,3,1,22,108,0,11,15,60,8],108,280.18)
item("VERIFICATION","k_vrfctn.wrl",date(2012,3,21),8,4529380,228,457,219,39,[2,0,1,15,0,0,2,0,0,16,4,0,99,1,0,0,54,0,0,396,144,17,43,28,206,0,0,3,32,3,0,0,0,0,196,1652,0,3,0,47,0,0,0,0,3,265,10,36,0,6,8,194,2,1,0,22,0,0,3,0,0,71,0,13,14,17,0],13,283.88)
item("VIRTUAL_MACHINE","k_vrtlmc.wrl",date(2012,3,21),3,4414928,158,327,162,38,[0,0,0,6,0,0,0,0,0,1,0,0,97,316,0,0,226,0,0,561,134,17,8,23,194,0,0,3,42,3,0,1,2,0,194,1647,0,3,0,20,0,0,1,0,3,227,7,1,0,2,0,197,0,1,0,23,0,0,3,0,1,40,0,5,15,10,0],15,129.89)
item("VISUAL","k_visual.wrl",date(2012,3,21),13,6800160,1010,1214,445,28,[2,0,86,52,0,3,6,0,0,21,4,1,130,316,30,1,298,0,0,544,212,5,52,78,231,0,2,3,85,9,0,1,3,6,34,1814,0,8,0,51,2,0,1,3,1,454,22,135,0,10,9,362,2,21,1,52,0,0,3,1,7,92,0,7,3,69,8],69,158.22)
item("VISUAL_PROGRAM","k_vslprg.wrl",date(2007,9,24),1,848699,32,701,36,0,[0,0,85,0,0,0,0,0,0,0,0,0,16,0,30,0,24,0,0,0,64,3,0,28,3,0,0,0,0,0,0,0,1,0,0,68,0,0,0,0,2,0,0,3,0,26,13,4,0,0,0,80,0,0,0,27,0,0,0,1,1,7,0,0,0,35,8],8,261.4)
item("VRML","k_vrml.wrl",date(2011,9,20),1,158083,383,30,78,6,[0,0,0,22,0,0,4,0,0,0,0,0,0,0,0,1,13,0,0,1,2,0,0,4,1,0,0,0,0,0,0,0,0,0,3,12,0,0,0,0,0,0,0,0,0,2,0,5,0,0,0,6,0,0,1,0,0,0,0,0,0,3,0,0,0,1,0],1,228.98)
item("WEB","k_web.wrl",date(2012,3,21),23,7102182,1140,1347,599,51,[2,0,86,45,0,3,6,0,0,21,4,2,142,317,30,1,359,0,0,721,384,30,46,83,249,0,7,5,60,6,0,5,6,6,312,2043,0,6,0,53,2,2,1,3,20,329,33,66,0,9,9,479,2,21,2,66,0,0,4,1,24,94,0,8,15,63,8],359,267.0)
item("XML","k_xml.wrl",date(2012,3,21),17,5537559,803,448,471,49,[0,0,0,33,0,3,8,0,0,5,0,1,112,319,0,1,298,0,0,772,293,17,44,54,218,0,5,3,61,7,0,5,5,0,298,1933,0,3,1,49,0,2,1,0,19,297,20,42,0,7,8,330,0,1,2,38,0,0,3,0,18,76,0,10,15,23,0],772,139.62)
item("_3D_","k__3d_.wrl",date(1970,1,1),1,164077,136,130,42,0,[2,0,1,11,0,0,0,0,0,11,4,0,0,0,0,0,9,0,0,0,0,0,0,1,4,0,0,0,0,0,0,0,0,0,3,10,0,0,0,0,0,0,0,0,0,5,0,0,0,0,0,20,2,0,0,0,0,0,0,0,0,4,0,1,0,4,0],2,244.88)
item("_ACTOR","k__actor.wrl",date(2007,9,24),2,1012776,168,831,78,0,[2,0,86,11,0,0,0,0,0,11,4,0,16,0,30,0,33,0,0,0,64,3,0,29,7,0,0,0,0,0,0,0,1,0,3,78,0,0,0,0,2,0,0,3,0,31,13,4,0,0,0,100,2,0,0,27,0,0,0,1,1,11,0,1,0,39,8],86,288.91)
item("_NET","k__net.wrl",date(2012,3,21),14,5925895,1053,516,447,48,[2,0,1,63,0,0,6,0,0,12,4,1,131,317,0,1,271,0,0,680,165,18,16,36,206,0,4,3,82,11,0,4,2,4,257,1760,0,7,1,20,0,2,1,0,14,423,8,83,0,3,0,289,2,1,1,27,0,0,3,0,7,62,0,6,15,20,0],63,170.39)
